20180900025596
20180900026042
20180900025535
20180900026213
20180900027485
20180900030037
20180900031427
20180900033007
20180900033561
20180900037192
20180900037097
20180900037973
20180900038231
20180900038930
20180900039015
20180900039010
20180900038379
20180900039122
20180900039066
20180900039039
20180900038969
20180900039282
20180900039009
20180900040203
20180900040202
20180900039258
20180900044085
20180900044005
20180900044383
20180900045047
20180900044829
20180900045058
20180900045177
20180900045131
20180900045097
20180900044836
20180900044776
20180900048832
20180900048804
20180900050474
20180900049266
20180900051328
20180900050606
20180900050710
20180900050567
20180900050566
20180900050180
20180900052479
20180900052473
20180900053586
20180900053036
20180900056220
20180900056280
20180900058196
20180900058542
20180900060158
20180900060028
20180900060004
20180900062636
20180801205198
20180801205972
20180900000712
20180900000410
20180900001743
20180900000416
20180900001087
20180900002463
20180900002489
20180900003311
20180900003408
20180900003107
20180900003105
20180900002357
20180900003450
20180900003224
20180900004853
20180900004331
20180900005216
20180900005224
20180900004728
20180900005190
20180900004235
20180900005688
20180900006227
20180900006217
20180900007761
20180900007603
20180900007876
20180900008214
20180900007538
20180900007246
20180900007486
20180900007571
20180900008126
20180900009934
20180900009804
20180900011271
20180900011257
20180900011052
20180900014066
20180900012121
20180900011971
20180900014019
20180900011541
20180900014397
20180900015468
20180900015117
20180900014761
20180900014670
20180900014477
20180900014862
20180900014615
20180900015111
20180900014395
20180900014388
20180900014402
20180900014439
20180900016071
20180900017250
20180900017068
20180900016433
20180900015644
20180900017182
20180900016471
20180900017962
20180900017461
20180900017070
20180900016920
20180900019883
20180900018751
20180900018635
20180900020381
20180900019982
20180900020245
20180900022599
20180900021298
20180900022980
20180900022859
20180900023278
20180900023273
20180900023271
20180900024202
20180900023384
20180900022677
20180900023321
20180900023381
20180900022635
20180900024356
20180900024968
20180900025704